{
    "0": [
        [
            1.0,
            0.0,
            0.0,
            0.0
        ],
        [
            0.0,
            1.0,
            0.0,
            0.0
        ],
        [
            0.0,
            0.0,
            1.0,
            0.0
        ],
        [
            0.0,
            0.0,
            0.0,
            1.0
        ]
    ],
    "1": [
        [
            0.7071067690849304,
            0.0,
            0.7071067690849304,
            0.0
        ],
        [
            0.0,
            1.0,
            0.0,
            0.0
        ],
        [
            -0.7071067690849304,
            0.0,
            0.7071067690849304,
            0.0
        ],
        [
            0.0,
            0.0,
            0.0,
            1.0
        ]
    ],
    "2": [
        [
            0.5877852439880371,
            0.0,
            0.80901700258255,
            -0.4000000059604645
        ],
        [
            0.0,
            1.0,
            0.0,
            0.0
        ],
        [
            -0.80901700258255,
            0.0,
            0.5877852439880371,
            0.0
        ],
        [
            0.0,
            0.0,
            0.0,
            1.0
        ]
    ],
    "3": [
        [
            0.45399051904678345,
            0.0,
            0.8910065293312073,
            -0.800000011920929
        ],
        [
            0.0,
            1.0,
            0.0,
            0.0
        ],
        [
            -0.8910065293312073,
            0.0,
            0.45399051904678345,
            0.0
        ],
        [
            0.0,
            0.0,
            0.0,
            1.0
        ]
    ],
    "4": [
        [
            0.30901697278022766,
            0.0,
            0.9510565400123596,
            -1.2000000476837158
        ],
        [
            0.0,
            1.0,
            0.0,
            0.0
        ],
        [
            -0.9510565400123596,
            0.0,
            0.30901697278022766,
            0.0
        ],
        [
            0.0,
            0.0,
            0.0,
            1.0
        ]
    ],
    "5": [
        [
            0.15643449127674103,
            0.0,
            0.9876883625984192,
            -1.600000023841858
        ],
        [
            0.0,
            1.0,
            0.0,
            0.0
        ],
        [
            -0.9876883625984192,
            0.0,
            0.15643449127674103,
            0.0
        ],
        [
            0.0,
            0.0,
            0.0,
            1.0
        ]
    ],
    "6": [
        [
            0.7071067690849304,
            0.0,
            -0.7071067690849304,
            0.0
        ],
        [
            0.0,
            1.0,
            0.0,
            0.0
        ],
        [
            0.7071067690849304,
            0.0,
            0.7071067690849304,
            0.0
        ],
        [
            0.0,
            0.0,
            0.0,
            1.0
        ]
    ],
    "7": [
        [
            0.5877852439880371,
            0.0,
            -0.80901700258255,
            0.4000000059604645
        ],
        [
            0.0,
            1.0,
            0.0,
            0.0
        ],
        [
            0.80901700258255,
            0.0,
            0.5877852439880371,
            0.0
        ],
        [
            0.0,
            0.0,
            0.0,
            1.0
        ]
    ],
    "8": [
        [
            0.45399051904678345,
            0.0,
            -0.8910065293312073,
            0.800000011920929
        ],
        [
            0.0,
            1.0,
            0.0,
            0.0
        ],
        [
            0.8910065293312073,
            0.0,
            0.45399051904678345,
            0.0
        ],
        [
            0.0,
            0.0,
            0.0,
            1.0
        ]
    ],
    "9": [
        [
            0.30901697278022766,
            0.0,
            -0.9510565400123596,
            1.2000000476837158
        ],
        [
            0.0,
            1.0,
            0.0,
            0.0
        ],
        [
            0.9510565400123596,
            0.0,
            0.30901697278022766,
            0.0
        ],
        [
            0.0,
            0.0,
            0.0,
            1.0
        ]
    ],
    "10": [
        [
            0.15643449127674103,
            0.0,
            -0.9876883625984192,
            1.600000023841858
        ],
        [
            0.0,
            1.0,
            0.0,
            0.0
        ],
        [
            0.9876883625984192,
            0.0,
            0.15643449127674103,
            0.0
        ],
        [
            0.0,
            0.0,
            0.0,
            1.0
        ]
    ],
    "11": [
        [
            1.0,
            0.0,
            0.0,
            0.0
        ],
        [
            0.0,
            1.0,
            0.0,
            0.0
        ],
        [
            0.0,
            0.0,
            1.0,
            0.0
        ],
        [
            0.0,
            0.0,
            0.0,
            1.0
        ]
    ],
    "12": [
        [
            0.80901700258255,
            0.0,
            -0.5877852439880371,
            0.0
        ],
        [
            0.0,
            1.0,
            0.0,
            0.0
        ],
        [
            0.5877852439880371,
            0.0,
            0.80901700258255,
            0.0
        ],
        [
            0.0,
            0.0,
            0.0,
            1.0
        ]
    ],
    "13": [
        [
            0.30901697278022766,
            0.0,
            -0.9510565400123596,
            0.0
        ],
        [
            0.0,
            1.0,
            0.0,
            0.0
        ],
        [
            0.9510565400123596,
            0.0,
            0.30901697278022766,
            0.0
        ],
        [
            0.0,
            0.0,
            0.0,
            1.0
        ]
    ],
    "14": [
        [
            -0.30901703238487244,
            0.0,
            -0.9510564804077148,
            0.0
        ],
        [
            0.0,
            1.0,
            0.0,
            0.0
        ],
        [
            0.9510564804077148,
            0.0,
            -0.30901703238487244,
            0.0
        ],
        [
            0.0,
            0.0,
            0.0,
            1.0
        ]
    ],
    "15": [
        [
            -0.80901700258255,
            0.0,
            -0.5877851843833923,
            0.0
        ],
        [
            0.0,
            1.0,
            0.0,
            0.0
        ],
        [
            0.5877851843833923,
            0.0,
            -0.80901700258255,
            0.0
        ],
        [
            0.0,
            0.0,
            0.0,
            1.0
        ]
    ],
    "16": [
        [
            -1.0,
            0.0,
            8.742277657347586e-08,
            0.0
        ],
        [
            0.0,
            1.0,
            0.0,
            0.0
        ],
        [
            -8.742277657347586e-08,
            0.0,
            -1.0,
            0.0
        ],
        [
            0.0,
            0.0,
            0.0,
            1.0
        ]
    ],
    "17": [
        [
            -0.8090169429779053,
            0.0,
            0.5877853631973267,
            0.0
        ],
        [
            0.0,
            1.0,
            0.0,
            0.0
        ],
        [
            -0.5877853631973267,
            0.0,
            -0.8090169429779053,
            0.0
        ],
        [
            0.0,
            0.0,
            0.0,
            1.0
        ]
    ],
    "18": [
        [
            -0.3090170919895172,
            0.0,
            0.9510564804077148,
            0.0
        ],
        [
            0.0,
            1.0,
            0.0,
            0.0
        ],
        [
            -0.9510564804077148,
            0.0,
            -0.3090170919895172,
            0.0
        ],
        [
            0.0,
            0.0,
            0.0,
            1.0
        ]
    ],
    "19": [
        [
            0.3090171217918396,
            0.0,
            0.9510564804077148,
            0.0
        ],
        [
            0.0,
            1.0,
            0.0,
            0.0
        ],
        [
            -0.9510564804077148,
            0.0,
            0.3090171217918396,
            0.0
        ],
        [
            0.0,
            0.0,
            0.0,
            1.0
        ]
    ],
    "20": [
        [
            0.8090169429779053,
            0.0,
            0.5877853035926819,
            0.0
        ],
        [
            0.0,
            1.0,
            0.0,
            0.0
        ],
        [
            -0.5877853035926819,
            0.0,
            0.8090169429779053,
            0.0
        ],
        [
            0.0,
            0.0,
            0.0,
            1.0
        ]
    ],
    "21": [
        [
            1.0,
            0.0,
            0.0,
            0.0
        ],
        [
            0.0,
            0.8191519975662231,
            0.5735763907432556,
            0.30601590871810913
        ],
        [
            0.0,
            -0.5735763907432556,
            0.8191519975662231,
            0.7857253551483154
        ],
        [
            0.0,
            0.0,
            0.0,
            1.0
        ]
    ],
    "22": [
        [
            0.8090170621871948,
            -2.6353404791734647e-08,
            0.5877852439880371,
            0.0
        ],
        [
            -0.337139755487442,
            0.8191519975662231,
            0.4640330672264099,
            0.30601590871810913
        ],
        [
            -0.4814854860305786,
            -0.5735764503479004,
            0.6627079248428345,
            0.7857253551483154
        ],
        [
            0.0,
            0.0,
            0.0,
            1.0
        ]
    ],
    "23": [
        [
            0.30901697278022766,
            7.185448680502304e-09,
            0.9510564804077148,
            2.6843145484178876e-09
        ],
        [
            -0.545503556728363,
            0.8191519975662231,
            0.1772448569536209,
            0.30601590871810913
        ],
        [
            -0.779059886932373,
            -0.5735763907432556,
            0.2531318962574005,
            0.7857253551483154
        ],
        [
            0.0,
            0.0,
            0.0,
            1.0
        ]
    ],
    "24": [
        [
            -0.30901697278022766,
            -7.185448680502304e-09,
            0.9510564804077148,
            -2.6843145484178876e-09
        ],
        [
            -0.545503556728363,
            0.8191519975662231,
            -0.1772448569536209,
            0.30601590871810913
        ],
        [
            -0.779059886932373,
            -0.5735763907432556,
            -0.2531318962574005,
            0.7857253551483154
        ],
        [
            0.0,
            0.0,
            0.0,
            1.0
        ]
    ],
    "25": [
        [
            -0.8090170621871948,
            2.6353404791734647e-08,
            0.5877852439880371,
            0.0
        ],
        [
            -0.337139755487442,
            0.8191519975662231,
            -0.4640330672264099,
            0.30601590871810913
        ],
        [
            -0.4814854860305786,
            -0.5735764503479004,
            -0.6627079248428345,
            0.7857253551483154
        ],
        [
            0.0,
            0.0,
            0.0,
            1.0
        ]
    ],
    "26": [
        [
            -1.0,
            4.876598487696071e-24,
            1.2246467202362698e-16,
            -1.9117021674298055e-23
        ],
        [
            -7.024285412902303e-17,
            0.8191519975662231,
            -0.5735763907432556,
            1.5746009349822998
        ],
        [
            -1.0031719567265039e-16,
            -0.5735763907432556,
            -0.8191519975662231,
            2.5974526405334473
        ],
        [
            -8.065566330469295e-25,
            1.1339466254867148e-08,
            3.3326159609714523e-09,
            1.0
        ]
    ],
    "27": [
        [
            -0.8090169429779053,
            5.117998802539603e-10,
            -0.5877853035926819,
            1.7255663919968356e-07
        ],
        [
            0.33713972568511963,
            0.8191520571708679,
            -0.4640330970287323,
            1.5746009349822998
        ],
        [
            0.48148542642593384,
            -0.5735763907432556,
            -0.6627079248428345,
            2.5974526405334473
        ],
        [
            -3.979602425374651e-08,
            1.2791897319175405e-08,
            2.6919089179955336e-08,
            1.0
        ]
    ],
    "28": [
        [
            -0.30901697278022766,
            1.6582319961599978e-09,
            -0.9510564804077148,
            -1.2104091950959628e-08
        ],
        [
            0.545503556728363,
            0.8191520571708679,
            -0.17724484205245972,
            1.5746009349822998
        ],
        [
            0.7790598273277283,
            -0.5735763907432556,
            -0.2531318664550781,
            2.5974526405334473
        ],
        [
            8.166896492411979e-09,
            1.2791897319175405e-08,
            1.001285454549361e-08,
            1.0000001192092896
        ]
    ],
    "29": [
        [
            0.30901697278022766,
            -1.6582319961599978e-09,
            -0.9510564804077148,
            1.2104091950959628e-08
        ],
        [
            0.545503556728363,
            0.8191520571708679,
            0.17724484205245972,
            1.5746009349822998
        ],
        [
            0.7790598273277283,
            -0.5735763907432556,
            0.2531318664550781,
            2.5974526405334473
        ],
        [
            8.166896492411979e-09,
            1.2791897319175405e-08,
            -1.001285454549361e-08,
            1.0000001192092896
        ]
    ],
    "30": [
        [
            0.8090169429779053,
            -5.117998802539603e-10,
            -0.5877853035926819,
            -1.7255663919968356e-07
        ],
        [
            0.33713972568511963,
            0.8191520571708679,
            0.4640330970287323,
            1.5746009349822998
        ],
        [
            0.48148542642593384,
            -0.5735763907432556,
            0.6627079248428345,
            2.5974526405334473
        ],
        [
            -3.979602425374651e-08,
            1.2791897319175405e-08,
            -2.6919089179955336e-08,
            1.0
        ]
    ],
    "31": [
        [
            1.0,
            0.0,
            0.0,
            0.0
        ],
        [
            0.0,
            0.9659258127212524,
            0.258819043636322,
            -0.20000000298023224
        ],
        [
            0.0,
            -0.258819043636322,
            0.9659258127212524,
            0.0
        ],
        [
            0.0,
            0.0,
            0.0,
            1.0
        ]
    ],
    "32": [
        [
            0.80901700258255,
            0.0,
            -0.5877852439880371,
            0.0
        ],
        [
            0.15213000774383545,
            0.9659258127212524,
            0.20938900113105774,
            -0.20000000298023224
        ],
        [
            0.5677569508552551,
            -0.258819043636322,
            0.7814503908157349,
            0.0
        ],
        [
            0.0,
            0.0,
            0.0,
            1.0
        ]
    ],
    "33": [
        [
            0.30901697278022766,
            0.0,
            -0.9510565400123596,
            0.0
        ],
        [
            0.24615153670310974,
            0.9659258127212524,
            0.07997947931289673,
            -0.20000000298023224
        ],
        [
            0.9186500906944275,
            -0.258819043636322,
            0.29848748445510864,
            0.0
        ],
        [
            0.0,
            0.0,
            0.0,
            1.0
        ]
    ],
    "34": [
        [
            -0.30901703238487244,
            0.0,
            -0.9510564804077148,
            0.0
        ],
        [
            0.24615152180194855,
            0.9659258127212524,
            -0.07997949421405792,
            -0.20000000298023224
        ],
        [
            0.9186500310897827,
            -0.258819043636322,
            -0.29848751425743103,
            0.0
        ],
        [
            0.0,
            0.0,
            0.0,
            1.0
        ]
    ],
    "35": [
        [
            -0.80901700258255,
            0.0,
            -0.5877851843833923,
            0.0
        ],
        [
            0.15212999284267426,
            0.9659258127212524,
            -0.20938900113105774,
            -0.20000000298023224
        ],
        [
            0.5677568912506104,
            -0.258819043636322,
            -0.7814503908157349,
            0.0
        ],
        [
            0.0,
            0.0,
            0.0,
            1.0
        ]
    ],
    "36": [
        [
            -1.0,
            0.0,
            8.742277657347586e-08,
            0.0
        ],
        [
            -2.2626679196946498e-08,
            0.9659258127212524,
            -0.258819043636322,
            -0.20000000298023224
        ],
        [
            -8.444391852435729e-08,
            -0.258819043636322,
            -0.9659258127212524,
            0.0
        ],
        [
            0.0,
            0.0,
            0.0,
            1.0
        ]
    ],
    "37": [
        [
            -0.8090169429779053,
            0.0,
            0.5877853631973267,
            0.0
        ],
        [
            -0.15213005244731903,
            0.9659258127212524,
            -0.20938898622989655,
            -0.20000000298023224
        ],
        [
            -0.5677570700645447,
            -0.258819043636322,
            -0.7814503312110901,
            0.0
        ],
        [
            0.0,
            0.0,
            0.0,
            1.0
        ]
    ],
    "38": [
        [
            -0.3090170919895172,
            0.0,
            0.9510564804077148,
            0.0
        ],
        [
            -0.24615152180194855,
            0.9659258127212524,
            -0.07997950911521912,
            -0.20000000298023224
        ],
        [
            -0.9186500310897827,
            -0.258819043636322,
            -0.2984875738620758,
            0.0
        ],
        [
            0.0,
            0.0,
            0.0,
            1.0
        ]
    ],
    "39": [
        [
            0.3090171217918396,
            0.0,
            0.9510564804077148,
            0.0
        ],
        [
            -0.24615152180194855,
            0.9659258127212524,
            0.07997951656579971,
            -0.20000000298023224
        ],
        [
            -0.9186500310897827,
            -0.258819043636322,
            0.2984876036643982,
            0.0
        ],
        [
            0.0,
            0.0,
            0.0,
            1.0
        ]
    ],
    "40": [
        [
            0.8090169429779053,
            0.0,
            0.5877853035926819,
            0.0
        ],
        [
            -0.15213003754615784,
            0.9659258127212524,
            0.20938898622989655,
            -0.20000000298023224
        ],
        [
            -0.5677570104598999,
            -0.258819043636322,
            0.7814503312110901,
            0.0
        ],
        [
            0.0,
            0.0,
            0.0,
            1.0
        ]
    ],
    "41": [
        [
            1.0,
            0.0,
            0.0,
            0.0
        ],
        [
            0.0,
            0.9659258127212524,
            -0.258819043636322,
            0.20000000298023224
        ],
        [
            0.0,
            0.258819043636322,
            0.9659258127212524,
            0.0
        ],
        [
            0.0,
            0.0,
            0.0,
            1.0
        ]
    ],
    "42": [
        [
            0.80901700258255,
            0.0,
            -0.5877852439880371,
            0.0
        ],
        [
            -0.15213000774383545,
            0.9659258127212524,
            -0.20938900113105774,
            0.20000000298023224
        ],
        [
            0.5677569508552551,
            0.258819043636322,
            0.7814503908157349,
            0.0
        ],
        [
            0.0,
            0.0,
            0.0,
            1.0
        ]
    ],
    "43": [
        [
            0.30901697278022766,
            0.0,
            -0.9510565400123596,
            0.0
        ],
        [
            -0.24615153670310974,
            0.9659258127212524,
            -0.07997947931289673,
            0.20000000298023224
        ],
        [
            0.9186500906944275,
            0.258819043636322,
            0.29848748445510864,
            0.0
        ],
        [
            0.0,
            0.0,
            0.0,
            1.0
        ]
    ],
    "44": [
        [
            -0.30901703238487244,
            0.0,
            -0.9510564804077148,
            0.0
        ],
        [
            -0.24615152180194855,
            0.9659258127212524,
            0.07997949421405792,
            0.20000000298023224
        ],
        [
            0.9186500310897827,
            0.258819043636322,
            -0.29848751425743103,
            0.0
        ],
        [
            0.0,
            0.0,
            0.0,
            1.0
        ]
    ],
    "45": [
        [
            -0.80901700258255,
            0.0,
            -0.5877851843833923,
            0.0
        ],
        [
            -0.15212999284267426,
            0.9659258127212524,
            0.20938900113105774,
            0.20000000298023224
        ],
        [
            0.5677568912506104,
            0.258819043636322,
            -0.7814503908157349,
            0.0
        ],
        [
            0.0,
            0.0,
            0.0,
            1.0
        ]
    ],
    "46": [
        [
            -1.0,
            0.0,
            8.742277657347586e-08,
            0.0
        ],
        [
            2.2626679196946498e-08,
            0.9659258127212524,
            0.258819043636322,
            0.20000000298023224
        ],
        [
            -8.444391852435729e-08,
            0.258819043636322,
            -0.9659258127212524,
            0.0
        ],
        [
            0.0,
            0.0,
            0.0,
            1.0
        ]
    ],
    "47": [
        [
            -0.8090169429779053,
            0.0,
            0.5877853631973267,
            0.0
        ],
        [
            0.15213005244731903,
            0.9659258127212524,
            0.20938898622989655,
            0.20000000298023224
        ],
        [
            -0.5677570700645447,
            0.258819043636322,
            -0.7814503312110901,
            0.0
        ],
        [
            0.0,
            0.0,
            0.0,
            1.0
        ]
    ],
    "48": [
        [
            -0.3090170919895172,
            0.0,
            0.9510564804077148,
            0.0
        ],
        [
            0.24615152180194855,
            0.9659258127212524,
            0.07997950911521912,
            0.20000000298023224
        ],
        [
            -0.9186500310897827,
            0.258819043636322,
            -0.2984875738620758,
            0.0
        ],
        [
            0.0,
            0.0,
            0.0,
            1.0
        ]
    ],
    "49": [
        [
            0.3090171217918396,
            0.0,
            0.9510564804077148,
            0.0
        ],
        [
            0.24615152180194855,
            0.9659258127212524,
            -0.07997951656579971,
            0.20000000298023224
        ],
        [
            -0.9186500310897827,
            0.258819043636322,
            0.2984876036643982,
            0.0
        ],
        [
            0.0,
            0.0,
            0.0,
            1.0
        ]
    ],
    "50": [
        [
            0.8090169429779053,
            0.0,
            0.5877853035926819,
            0.0
        ],
        [
            0.15213003754615784,
            0.9659258127212524,
            -0.20938898622989655,
            0.20000000298023224
        ],
        [
            -0.5677570104598999,
            0.258819043636322,
            0.7814503312110901,
            0.0
        ],
        [
            0.0,
            0.0,
            0.0,
            1.0
        ]
    ],
    "51": [
        [
            1.0,
            0.0,
            0.0,
            0.0
        ],
        [
            0.0,
            0.9063078165054321,
            -0.4226182699203491,
            -0.11112990975379944
        ],
        [
            0.0,
            0.4226182699203491,
            0.9063077569007874,
            0.948179304599762
        ],
        [
            0.0,
            0.0,
            0.0,
            1.0
        ]
    ],
    "52": [
        [
            0.8090170621871948,
            -1.305759056435818e-09,
            0.5877852439880371,
            5.960464477539063e-08
        ],
        [
            0.24840879440307617,
            0.9063078165054321,
            -0.3419053554534912,
            -0.11112993955612183
        ],
        [
            -0.5327143669128418,
            0.42261824011802673,
            0.7332183718681335,
            0.9481793642044067
        ],
        [
            0.0,
            0.0,
            0.0,
            1.0
        ]
    ],
    "53": [
        [
            0.30901697278022766,
            1.3466751325186266e-10,
            0.9510564804077148,
            -1.6512695724668625e-11
        ],
        [
            0.40193384885787964,
            0.9063077569007874,
            -0.13059622049331665,
            -0.11112987995147705
        ],
        [
            -0.8619499206542969,
            0.4226182699203491,
            0.28006449341773987,
            0.948179304599762
        ],
        [
            0.0,
            0.0,
            0.0,
            1.0
        ]
    ],
    "54": [
        [
            -0.30901697278022766,
            -1.3466751325186266e-10,
            0.9510564804077148,
            1.6512695724668625e-11
        ],
        [
            0.40193384885787964,
            0.9063077569007874,
            0.13059622049331665,
            -0.11112987995147705
        ],
        [
            -0.8619499206542969,
            0.4226182699203491,
            -0.28006449341773987,
            0.948179304599762
        ],
        [
            0.0,
            0.0,
            0.0,
            1.0
        ]
    ],
    "55": [
        [
            -0.80901700258255,
            9.053692906491051e-09,
            0.5877852439880371,
            -2.1604142919073865e-09
        ],
        [
            0.24840877950191498,
            0.9063077569007874,
            0.3419053554534912,
            -0.37924546003341675
        ],
        [
            -0.5327143669128418,
            0.42261824011802673,
            -0.7332183718681335,
            1.5231549739837646
        ],
        [
            -1.1630919516392169e-07,
            1.8365859943969554e-09,
            3.272008797239323e-08,
            0.9999999403953552
        ]
    ],
    "56": [
        [
            -1.0,
            -3.293906853551155e-24,
            1.2246469849340659e-16,
            -1.9422195670926424e-23
        ],
        [
            5.1755810807271185e-17,
            0.9063078165054321,
            0.4226182699203491,
            -0.37924548983573914
        ],
        [
            -1.1099069092822633e-16,
            0.4226182699203491,
            -0.9063078165054321,
            1.5231549739837646
        ],
        [
            1.6762927415625573e-24,
            -9.266436507004983e-09,
            -1.8166296911203972e-08,
            0.9999999403953552
        ]
    ],
    "57": [
        [
            -0.80901700258255,
            -9.053692906491051e-09,
            -0.5877852439880371,
            2.1604142919073865e-09
        ],
        [
            -0.24840877950191498,
            0.9063077569007874,
            0.3419053554534912,
            -0.37924546003341675
        ],
        [
            0.5327143669128418,
            0.42261824011802673,
            -0.7332183718681335,
            1.5231549739837646
        ],
        [
            1.1630919516392169e-07,
            1.8365859943969554e-09,
            3.272008797239323e-08,
            0.9999999403953552
        ]
    ],
    "58": [
        [
            -0.3090169429779053,
            1.2341805355475799e-09,
            -0.9510564804077148,
            4.105109141505636e-08
        ],
        [
            -0.40193381905555725,
            0.9063077569007874,
            0.13059620559215546,
            -0.3792453706264496
        ],
        [
            0.8619498610496521,
            0.42261824011802673,
            -0.28006449341773987,
            1.523154854774475
        ],
        [
            -3.3881768501942133e-09,
            -2.7757263154626344e-09,
            -7.378755384479518e-10,
            0.9999999403953552
        ]
    ],
    "59": [
        [
            0.3090169429779053,
            -1.2341805355475799e-09,
            -0.9510564804077148,
            -4.105109141505636e-08
        ],
        [
            -0.40193381905555725,
            0.9063077569007874,
            -0.13059620559215546,
            -0.3792453706264496
        ],
        [
            0.8619498610496521,
            0.42261824011802673,
            0.28006449341773987,
            1.523154854774475
        ],
        [
            -3.3881768501942133e-09,
            -2.7757263154626344e-09,
            7.378755384479518e-10,
            0.9999999403953552
        ]
    ],
    "60": [
        [
            0.80901700258255,
            9.053692906491051e-09,
            -0.5877852439880371,
            -2.1604142919073865e-09
        ],
        [
            -0.24840877950191498,
            0.9063077569007874,
            -0.3419053554534912,
            -0.37924546003341675
        ],
        [
            0.5327143669128418,
            0.42261824011802673,
            0.7332183718681335,
            1.5231549739837646
        ],
        [
            1.1630919516392169e-07,
            1.8365859943969554e-09,
            -3.272008797239323e-08,
            0.9999999403953552
        ]
    ],
    "61": [
        [
            0.7071067690849304,
            0.0,
            0.7071067690849304,
            0.0
        ],
        [
            -0.12278780341148376,
            0.9848077297210693,
            0.12278780341148376,
            -0.20000000298023224
        ],
        [
            -0.6963642239570618,
            -0.1736481785774231,
            0.6963642239570618,
            0.0
        ],
        [
            0.0,
            0.0,
            0.0,
            1.0
        ]
    ],
    "62": [
        [
            0.5877852439880371,
            0.0,
            0.80901700258255,
            -0.4000000059604645
        ],
        [
            -0.14048433303833008,
            0.9848077297210693,
            0.10206783562898636,
            -0.20000000298023224
        ],
        [
            -0.7967262268066406,
            -0.1736481785774231,
            0.5788554549217224,
            0.0
        ],
        [
            0.0,
            0.0,
            0.0,
            1.0
        ]
    ],
    "63": [
        [
            0.45399051904678345,
            0.0,
            0.8910065293312073,
            -0.800000011920929
        ],
        [
            -0.15472166240215302,
            0.9848077297210693,
            0.07883462309837341,
            -0.20000000298023224
        ],
        [
            -0.8774701356887817,
            -0.1736481785774231,
            0.4470933675765991,
            0.0
        ],
        [
            0.0,
            0.0,
            0.0,
            1.0
        ]
    ],
    "64": [
        [
            0.30901697278022766,
            0.0,
            0.9510565400123596,
            -1.2000000476837158
        ],
        [
            -0.1651492416858673,
            0.9848077297210693,
            0.05366023629903793,
            -0.20000000298023224
        ],
        [
            -0.936607837677002,
            -0.1736481785774231,
            0.3043223023414612,
            0.0
        ],
        [
            0.0,
            0.0,
            0.0,
            1.0
        ]
    ],
    "65": [
        [
            0.15643449127674103,
            0.0,
            0.9876883625984192,
            -1.600000023841858
        ],
        [
            -0.17151027917861938,
            0.9848077297210693,
            0.02716456539928913,
            -0.20000000298023224
        ],
        [
            -0.9726831316947937,
            -0.1736481785774231,
            0.15405789017677307,
            0.0
        ],
        [
            0.0,
            0.0,
            0.0,
            1.0
        ]
    ],
    "66": [
        [
            0.7071067690849304,
            0.0,
            -0.7071067690849304,
            0.0
        ],
        [
            -0.12278780341148376,
            0.9848077297210693,
            -0.12278780341148376,
            0.20000000298023224
        ],
        [
            0.6963642239570618,
            0.1736481785774231,
            0.6963642239570618,
            0.0
        ],
        [
            0.0,
            0.0,
            0.0,
            1.0
        ]
    ],
    "67": [
        [
            0.5877852439880371,
            0.0,
            -0.80901700258255,
            0.4000000059604645
        ],
        [
            -0.14048433303833008,
            0.9848077297210693,
            -0.10206783562898636,
            0.20000000298023224
        ],
        [
            0.7967262268066406,
            0.1736481785774231,
            0.5788554549217224,
            0.0
        ],
        [
            0.0,
            0.0,
            0.0,
            1.0
        ]
    ],
    "68": [
        [
            0.45399051904678345,
            0.0,
            -0.8910065293312073,
            0.800000011920929
        ],
        [
            -0.15472166240215302,
            0.9848077297210693,
            -0.07883462309837341,
            0.20000000298023224
        ],
        [
            0.8774701356887817,
            0.1736481785774231,
            0.4470933675765991,
            0.0
        ],
        [
            0.0,
            0.0,
            0.0,
            1.0
        ]
    ],
    "69": [
        [
            0.30901697278022766,
            0.0,
            -0.9510565400123596,
            1.2000000476837158
        ],
        [
            -0.1651492416858673,
            0.9848077297210693,
            -0.05366023629903793,
            0.20000000298023224
        ],
        [
            0.936607837677002,
            0.1736481785774231,
            0.3043223023414612,
            0.0
        ],
        [
            0.0,
            0.0,
            0.0,
            1.0
        ]
    ],
    "70": [
        [
            0.15643449127674103,
            0.0,
            -0.9876883625984192,
            1.600000023841858
        ],
        [
            -0.17151027917861938,
            0.9848077297210693,
            -0.02716456539928913,
            0.20000000298023224
        ],
        [
            0.9726831316947937,
            0.1736481785774231,
            0.15405789017677307,
            0.0
        ],
        [
            0.0,
            0.0,
            0.0,
            1.0
        ]
    ],
    "71": [
        [
            0.7071067690849304,
            0.0,
            0.7071067690849304,
            0.0
        ],
        [
            0.12278780341148376,
            0.9848077297210693,
            -0.12278780341148376,
            0.20000000298023224
        ],
        [
            -0.6963642239570618,
            0.1736481785774231,
            0.6963642239570618,
            0.0
        ],
        [
            0.0,
            0.0,
            0.0,
            1.0
        ]
    ],
    "72": [
        [
            0.5877852439880371,
            0.0,
            0.80901700258255,
            -0.4000000059604645
        ],
        [
            0.14048433303833008,
            0.9848077297210693,
            -0.10206783562898636,
            0.20000000298023224
        ],
        [
            -0.7967262268066406,
            0.1736481785774231,
            0.5788554549217224,
            0.0
        ],
        [
            0.0,
            0.0,
            0.0,
            1.0
        ]
    ],
    "73": [
        [
            0.45399051904678345,
            0.0,
            0.8910065293312073,
            -0.800000011920929
        ],
        [
            0.15472166240215302,
            0.9848077297210693,
            -0.07883462309837341,
            0.20000000298023224
        ],
        [
            -0.8774701356887817,
            0.1736481785774231,
            0.4470933675765991,
            0.0
        ],
        [
            0.0,
            0.0,
            0.0,
            1.0
        ]
    ],
    "74": [
        [
            0.30901697278022766,
            0.0,
            0.9510565400123596,
            -1.2000000476837158
        ],
        [
            0.1651492416858673,
            0.9848077297210693,
            -0.05366023629903793,
            0.20000000298023224
        ],
        [
            -0.936607837677002,
            0.1736481785774231,
            0.3043223023414612,
            0.0
        ],
        [
            0.0,
            0.0,
            0.0,
            1.0
        ]
    ],
    "75": [
        [
            0.15643449127674103,
            0.0,
            0.9876883625984192,
            -1.600000023841858
        ],
        [
            0.17151027917861938,
            0.9848077297210693,
            -0.02716456539928913,
            0.20000000298023224
        ],
        [
            -0.9726831316947937,
            0.1736481785774231,
            0.15405789017677307,
            0.0
        ],
        [
            0.0,
            0.0,
            0.0,
            1.0
        ]
    ],
    "76": [
        [
            0.7071067690849304,
            0.0,
            -0.7071067690849304,
            0.0
        ],
        [
            0.12278780341148376,
            0.9848077297210693,
            0.12278780341148376,
            -0.20000000298023224
        ],
        [
            0.6963642239570618,
            -0.1736481785774231,
            0.6963642239570618,
            0.0
        ],
        [
            0.0,
            0.0,
            0.0,
            1.0
        ]
    ],
    "77": [
        [
            0.5877852439880371,
            0.0,
            -0.80901700258255,
            0.4000000059604645
        ],
        [
            0.14048433303833008,
            0.9848077297210693,
            0.10206783562898636,
            -0.20000000298023224
        ],
        [
            0.7967262268066406,
            -0.1736481785774231,
            0.5788554549217224,
            0.0
        ],
        [
            0.0,
            0.0,
            0.0,
            1.0
        ]
    ],
    "78": [
        [
            0.45399051904678345,
            0.0,
            -0.8910065293312073,
            0.800000011920929
        ],
        [
            0.15472166240215302,
            0.9848077297210693,
