{
    "fl_x": 491.77142333984375,
    "fl_y": 491.77142333984375,
    "cx": 255.5,
    "cy": 255.5,
    "w": 512,
    "h": 512,
    "camera_angle_x": 0.9599310885968813,
    "aabb_scale": 4,
    "integer_depth_scale": 10000,
    "frames": [
        {
            "transform_matrix": [
                [
                    0.0,
                    0.0,
                    1.0,
                    0.0
                ],
                [
                    1.0,
                    0.0,
                    0.0,
                    0.0
                ],
                [
                    0.0,
                    1.0,
                    0.0,
                    0.0
                ],
                [
                    0.0,
                    0.0,
                    0.0,
                    1.0
                ]
            ],
            "file_path": "output_rendering/rendering_0000"
        },
        {
            "transform_matrix": [
                [
                    0.7071067690849304,
                    0.0,
                    0.7071067094802856,
                    0.0
                ],
                [
                    0.7071067094802856,
                    0.0,
                    -0.7071067690849304,
                    0.0
                ],
                [
                    0.0,
                    1.0,
                    0.0,
                    0.0
                ],
                [
                    0.0,
                    0.0,
                    0.0,
                    1.0
                ]
            ],
            "file_path": "output_rendering/rendering_0001"
        },
        {
            "transform_matrix": [
                [
                    0.80901700258255,
                    0.0,
                    0.5877851843833923,
                    -0.32360678911209106
                ],
                [
                    0.5877851843833923,
                    0.0,
                    -0.80901700258255,
                    -0.23511408269405365
                ],
                [
                    0.0,
                    1.0,
                    0.0,
                    0.0
                ],
                [
                    0.0,
                    0.0,
                    0.0,
                    1.0
                ]
            ],
            "file_path": "output_rendering/rendering_0002"
        },
        {
            "transform_matrix": [
                [
                    0.8910065293312073,
                    0.0,
                    0.4539904296398163,
                    -0.7128052711486816
                ],
                [
                    0.4539903700351715,
                    0.0,
                    -0.8910065293312073,
                    -0.3631923198699951
                ],
                [
                    0.0,
                    1.0,
                    0.0,
                    0.0
                ],
                [
                    0.0,
                    0.0,
                    0.0,
                    1.0
                ]
            ],
            "file_path": "output_rendering/rendering_0003"
        },
        {
            "transform_matrix": [
                [
                    0.9510565400123596,
                    0.0,
                    0.3090169131755829,
                    -1.1412678956985474
                ],
                [
                    0.30901697278022766,
                    0.0,
                    -0.9510564804077148,
                    -0.37082040309906006
                ],
                [
                    0.0,
                    1.0,
                    0.0,
                    0.0
                ],
                [
                    -4.956154242563571e-08,
                    0.0,
                    1.8120001499255523e-08,
                    1.0000001192092896
                ]
            ],
            "file_path": "output_rendering/rendering_0004"
        },
        {
            "transform_matrix": [
                [
                    0.9876883625984192,
                    0.0,
                    0.15643425285816193,
                    -1.5803014039993286
                ],
                [
                    0.15643425285816193,
                    0.0,
                    -0.987688422203064,
                    -0.2502948045730591
                ],
                [
                    0.0,
                    1.0,
                    0.0,
                    0.0
                ],
                [
                    2.8583190925246527e-08,
                    0.0,
                    2.175046809327341e-09,
                    1.0
                ]
            ],
            "file_path": "output_rendering/rendering_0005"
        },
        {
            "transform_matrix": [
                [
                    -0.7071067690849304,
                    0.0,
                    0.7071067094802856,
                    0.0
                ],
                [
                    0.7071067094802856,
                    0.0,
                    0.7071067690849304,
                    0.0
                ],
                [
                    0.0,
                    1.0,
                    0.0,
                    0.0
                ],
                [
                    0.0,
                    0.0,
                    0.0,
                    1.0
                ]
            ],
            "file_path": "output_rendering/rendering_0006"
        },
        {
            "transform_matrix": [
                [
                    -0.80901700258255,
                    0.0,
                    0.5877851843833923,
                    -0.32360678911209106
                ],
                [
                    0.5877851843833923,
                    0.0,
                    0.80901700258255,
                    0.23511408269405365
                ],
                [
                    0.0,
                    1.0,
                    0.0,
                    0.0
                ],
                [
                    0.0,
                    0.0,
                    0.0,
                    1.0
                ]
            ],
            "file_path": "output_rendering/rendering_0007"
        },
        {
            "transform_matrix": [
                [
                    -0.8910065293312073,
                    0.0,
                    0.4539904296398163,
                    -0.7128052711486816
                ],
                [
                    0.4539903700351715,
                    0.0,
                    0.8910065293312073,
                    0.3631923198699951
                ],
                [
                    0.0,
                    1.0,
                    0.0,
                    0.0
                ],
                [
                    0.0,
                    0.0,
                    0.0,
                    1.0
                ]
            ],
            "file_path": "output_rendering/rendering_0008"
        },
        {
            "transform_matrix": [
                [
                    -0.9510565400123596,
                    0.0,
                    0.3090169131755829,
                    -1.1412678956985474
                ],
                [
                    0.30901697278022766,
                    0.0,
                    0.9510564804077148,
                    0.37082040309906006
                ],
                [
                    0.0,
                    1.0,
                    0.0,
                    0.0
                ],
                [
                    4.956154242563571e-08,
                    0.0,
                    1.8120001499255523e-08,
                    1.0000001192092896
                ]
            ],
            "file_path": "output_rendering/rendering_0009"
        },
        {
            "transform_matrix": [
                [
                    -0.9876883625984192,
                    0.0,
                    0.15643425285816193,
                    -1.5803014039993286
                ],
                [
                    0.15643425285816193,
                    0.0,
                    0.987688422203064,
                    0.2502948045730591
                ],
                [
                    0.0,
                    1.0,
                    0.0,
                    0.0
                ],
                [
                    -2.8583190925246527e-08,
                    0.0,
                    2.175046809327341e-09,
                    1.0
                ]
            ],
            "file_path": "output_rendering/rendering_0010"
        },
        {
            "transform_matrix": [
                [
                    0.0,
                    0.0,
                    1.0,
                    0.0
                ],
                [
                    1.0,
                    0.0,
                    0.0,
                    0.0
                ],
                [
                    0.0,
                    1.0,
                    0.0,
                    0.0
                ],
                [
                    0.0,
                    0.0,
                    0.0,
                    1.0
                ]
            ],
            "file_path": "output_rendering/rendering_0011"
        },
        {
            "transform_matrix": [
                [
                    -0.5877852439880371,
                    0.0,
                    0.80901700258255,
                    0.0
                ],
                [
                    0.80901700258255,
                    0.0,
                    0.5877852439880371,
                    0.0
                ],
                [
                    0.0,
                    1.0,
                    0.0,
                    0.0
                ],
                [
                    0.0,
                    0.0,
                    0.0,
                    1.0
                ]
            ],
            "file_path": "output_rendering/rendering_0012"
        },
        {
            "transform_matrix": [
                [
                    -0.9510564804077148,
                    0.0,
                    0.30901697278022766,
                    0.0
                ],
                [
                    0.3090169429779053,
                    0.0,
                    0.9510564804077148,
                    0.0
                ],
                [
                    0.0,
                    1.0,
                    0.0,
                    0.0
                ],
                [
                    0.0,
                    0.0,
                    0.0,
                    1.0
                ]
            ],
            "file_path": "output_rendering/rendering_0013"
        },
        {
            "transform_matrix": [
                [
                    -0.9510565400123596,
                    2.7015133241548028e-08,
                    -0.3090170919895172,
                    0.0
                ],
                [
                    -0.3090170919895172,
                    4.278774223820392e-09,
                    0.9510564804077148,
                    0.0
                ],
                [
                    2.7015133241548028e-08,
                    1.0,
                    4.278774667909602e-09,
                    0.0
                ],
                [
                    0.0,
                    0.0,
                    0.0,
                    1.0
                ]
            ],
            "file_path": "output_rendering/rendering_0014"
        },
        {
            "transform_matrix": [
                [
                    -0.5877851843833923,
                    7.072650731743124e-08,
                    -0.80901700258255,
                    0.0
                ],
                [
                    -0.80901700258255,
                    3.603695830634024e-08,
                    0.5877851843833923,
                    0.0
                ],
                [
                    7.072650731743124e-08,
                    1.0,
                    3.603696185905392e-08,
                    0.0
                ],
                [
                    0.0,
                    0.0,
                    0.0,
                    1.0
                ]
            ],
            "file_path": "output_rendering/rendering_0015"
        },
        {
            "transform_matrix": [
                [
                    8.742277657347586e-08,
                    8.742277657347586e-08,
                    -1.0,
                    0.0
                ],
                [
                    -1.0,
                    8.742278367890322e-08,
                    -8.74227694680485e-08,
                    0.0
                ],
                [
                    8.742277657347586e-08,
                    1.0,
                    8.742278367890322e-08,
                    0.0
                ],
                [
                    0.0,
                    0.0,
                    0.0,
                    1.0
                ]
            ],
            "file_path": "output_rendering/rendering_0016"
        },
        {
            "transform_matrix": [
                [
                    0.5877854228019714,
                    7.072650731743124e-08,
                    -0.8090168833732605,
                    0.0
                ],
                [
                    -0.8090168237686157,
                    1.3880861615689355e-07,
                    -0.5877854228019714,
                    0.0
                ],
                [
                    7.072650021200388e-08,
                    1.0,
                    1.3880861615689355e-07,
                    0.0
                ],
                [
                    0.0,
                    0.0,
                    0.0,
                    1.0
                ]
            ],
            "file_path": "output_rendering/rendering_0017"
        },
        {
            "transform_matrix": [
                [
                    0.9510565400123596,
                    2.701512968883435e-08,
                    -0.3090170919895172,
                    0.0
                ],
                [
                    -0.3090170919895172,
                    1.705667642681874e-07,
                    -0.9510564804077148,
                    0.0
                ],
                [
                    2.701513146519119e-08,
                    1.0,
                    1.7056677847904211e-07,
                    0.0
                ],
                [
                    0.0,
                    0.0,
                    0.0,
                    1.0
                ]
            ],
            "file_path": "output_rendering/rendering_0018"
        },
        {
            "transform_matrix": [
                [
                    0.9510565400123596,
                    0.0,
                    0.3090170919895172,
                    0.0
                ],
                [
                    0.3090170919895172,
                    0.0,
                    -0.9510564804077148,
                    0.0
                ],
                [
                    0.0,
                    1.0,
                    0.0,
                    0.0
                ],
                [
                    0.0,
                    0.0,
                    0.0,
                    1.0
                ]
            ],
            "file_path": "output_rendering/rendering_0019"
        },
        {
            "transform_matrix": [
                [
                    0.5877853035926819,
                    0.0,
                    0.8090168833732605,
                    0.0
                ],
                [
                    0.8090168833732605,
                    0.0,
                    -0.5877853035926819,
                    0.0
                ],
                [
                    0.0,
                    1.0,
                    0.0,
                    0.0
                ],
                [
                    0.0,
                    0.0,
                    0.0,
                    1.0
                ]
            ],
            "file_path": "output_rendering/rendering_0020"
        },
        {
            "transform_matrix": [
                [
                    0.0,
                    -0.5735763907432556,
                    0.8191519975662231,
                    0.8191519975662231
                ],
                [
                    1.0,
                    0.0,
                    0.0,
                    0.0
                ],
                [
                    0.0,
                    0.8191519975662231,
                    0.5735763907432556,
                    0.19999995827674866
                ],
                [
                    0.0,
                    0.0,
                    0.0,
                    1.0
                ]
            ],
            "file_path": "output_rendering/rendering_0021"
        },
        {
            "transform_matrix": [
                [
                    0.5877853035926819,
                    -0.4640330970287323,
                    0.6627079248428345,
                    0.6627079248428345
                ],
                [
                    0.80901700258255,
                    0.337139755487442,
                    -0.481485515832901,
                    -0.4814854860305786
                ],
                [
                    8.625647041071716e-08,
                    0.8191519379615784,
                    0.5735764503479004,
                    0.20000001788139343
                ],
                [
                    0.0,
                    0.0,
                    0.0,
                    1.0
                ]
            ],
            "file_path": "output_rendering/rendering_0022"
        },
        {
            "transform_matrix": [
                [
                    0.9510565400123596,
                    -0.17724491655826569,
                    0.2531319856643677,
                    0.2531319856643677
                ],
                [
                    0.3090170919895172,
                    0.545503556728363,
                    -0.7790598273277283,
                    -0.7790598273277283
                ],
                [
                    1.110085179334419e-08,
                    0.8191519975662231,
                    0.5735764503479004,
                    0.20000001788139343
                ],
                [
                    0.0,
                    0.0,
                    0.0,
                    1.0
                ]
            ],
            "file_path": "output_rendering/rendering_0023"
        },
        {
            "transform_matrix": [
                [
                    0.9510565400123596,
                    0.17724491655826569,
                    -0.2531319558620453,
                    -0.2531319558620453
                ],
                [
                    -0.3090170621871948,
                    0.5455034971237183,
                    -0.7790597677230835,
                    -0.7790597677230835
                ],
                [
                    -3.304256779301795e-08,
                    0.8191520571708679,
                    0.5735763907432556,
                    0.19999998807907104
                ],
                [
                    0.0,
                    0.0,
                    0.0,
                    1.0
                ]
            ],
            "file_path": "output_rendering/rendering_0024"
        },
        {
            "transform_matrix": [
                [
                    0.5877852439880371,
                    0.4640330970287323,
                    -0.6627078652381897,
                    -0.6627078652381897
                ],
                [
                    -0.80901700258255,
                    0.3371398448944092,
                    -0.48148539662361145,
                    -0.48148542642593384
                ],
                [
                    7.407606972265057e-08,
                    0.8191518783569336,
                    0.5735765099525452,
                    0.2000000774860382
                ],
                [
                    0.0,
                    0.0,
                    0.0,
                    1.0
                ]
            ],
            "file_path": "output_rendering/rendering_0025"
        },
        {
            "transform_matrix": [
                [
                    6.396022441198948e-15,
                    0.5735763907432556,
                    -0.8191519379615784,
                    -3.030862331390381
                ],
                [
                    -1.0,
                    7.161253989806937e-08,
                    5.0143640351052454e-08,
                    1.7484570236092623e-08
                ],
                [
                    8.74227694680485e-08,
                    0.8191519379615784,
                    0.5735763907432556,
                    0.20000016689300537
                ],
                [
                    -2.195674967754555e-16,
                    -2.454312308941553e-09,
                    3.769061507341576e-09,
                    0.9999999403953552
                ]
            ],
            "file_path": "output_rendering/rendering_0026"
        },
        {
            "transform_matrix": [
                [
                    -0.5877853035926819,
                    0.4640331566333771,
                    -0.6627079248428345,
                    -2.452019453048706
                ],
                [
                    -0.8090168833732605,
                    -0.3371398448944092,
                    0.48148566484451294,
                    1.7814966440200806
                ],
                [
                    6.338950697681867e-08,
                    0.8191519975662231,
                    0.5735764503479004,
                    0.20000013709068298
                ],
                [
                    -1.296556284557937e-08,
                    -3.7833434163303536e-08,
                    4.4265792809028426e-08,
                    1.0000001192092896
                ]
            ],
            "file_path": "output_rendering/rendering_0027"
        },
        {
            "transform_matrix": [
                [
                    -0.9510565400123596,
                    0.1772449016571045,
                    -0.2531319260597229,
                    -0.9365881085395813
                ],
                [
                    -0.30901700258255005,
                    -0.5455034375190735,
                    0.7790597081184387,
                    2.8825206756591797
                ],
                [
                    3.3065862936609847e-08,
                    0.8191519379615784,
                    0.5735763907432556,
                    0.20000000298023224
                ],
                [
                    2.8609381530486644e-08,
                    3.8285381975811106e-08,
                    -1.598499821398036e-08,
                    0.9999998211860657
                ]
            ],
            "file_path": "output_rendering/rendering_0028"
        },
        {
            "transform_matrix": [
                [
                    -0.9510565400123596,
                    -0.1772449016571045,
                    0.2531319558620453,
                    0.9365881681442261
                ],
                [
                    0.30901703238487244,
                    -0.5455034971237183,
                    0.7790597677230835,
                    2.882520914077759
                ],
                [
                    -1.4673971371337302e-08,
                    0.8191519379615784,
                    0.5735763907432556,
                    0.20000000298023224
                ],
                [
                    -1.8953521419007302e-08,
                    3.171324536310749e-08,
                    -1.6373380873346832e-08,
                    0.9999998211860657
                ]
            ],
            "file_path": "output_rendering/rendering_0029"
        },
        {
            "transform_matrix": [
                [
                    -0.5877852439880371,
                    -0.4640330672264099,
                    0.6627079248428345,
                    2.452019453048706
                ],
                [
                    0.8090169429779053,
                    -0.3371398448944092,
                    0.48148560523986816,
                    1.7814966440200806
                ],
                [
                    1.2758327727624419e-09,
                    0.8191520571708679,
                    0.5735764503479004,
                    0.20000003278255463
                ],
                [
                    2.7518183287611464e-08,
                    -1.3550128130646044e-08,
                    2.4515557583981717e-08,
                    1.0000001192092896
                ]
            ],
            "file_path": "output_rendering/rendering_0030"
        },
        {
            "transform_matrix": [
                [
                    0.0,
                    -0.258819043636322,
                    0.9659258127212524,
                    -0.051763810217380524
                ],
                [
                    1.0,
                    0.0,
                    0.0,
                    0.0
                ],
                [
                    0.0,
                    0.9659258127212524,
                    0.258819043636322,
                    0.19318516552448273
                ],
                [
                    0.0,
                    0.0,
                    0.0,
                    1.0
                ]
            ],
            "file_path": "output_rendering/rendering_0031"
        },
        {
            "transform_matrix": [
                [
                    -0.5877853035926819,
                    -0.20938901603221893,
                    0.7814504504203796,
                    -0.04187780246138573
                ],
                [
                    0.80901700258255,
                    -0.15213002264499664,
                    0.5677570104598999,
                    -0.03042600490152836
                ],
                [
                    -3.0219347024740273e-09,
                    0.9659258127212524,
                    0.258819043636322,
                    0.19318516552448273
                ],
                [
                    0.0,
                    0.0,
                    0.0,
                    1.0
                ]
            ],
            "file_path": "output_rendering/rendering_0032"
        },
        {
            "transform_matrix": [
                [
                    -0.9510564804077148,
                    -0.07997947931289673,
                    0.29848745465278625,
                    -0.015995897352695465
                ],
                [
                    0.30901697278022766,
                    -0.24615153670310974,
                    0.9186500310897827,
                    -0.04923031106591225
                ],
                [
                    2.0692905167152276e-09,
                    0.9659258127212524,
                    0.258819043636322,
                    0.19318516552448273
                ],
                [
                    0.0,
                    0.0,
                    0.0,
                    1.0
                ]
            ],
            "file_path": "output_rendering/rendering_0033"
        },
        {
            "transform_matrix": [
                [
                    -0.9510564804077148,
                    0.07997947931289673,
                    -0.2984876334667206,
                    0.015995895490050316
                ],
                [
                    -0.3090171217918396,
                    -0.24615135788917542,
                    0.9186501502990723,
                    -0.049230266362428665
                ],
                [
                    2.393209719286915e-08,
                    0.965925931930542,
                    0.2588188350200653,
                    0.19318518042564392
                ],
                [
                    0.0,
                    0.0,
                    0.0,
                    1.0
                ]
            ],
            "file_path": "output_rendering/rendering_0034"
        },
        {
            "transform_matrix": [
                [
                    -0.5877851843833923,
                    0.20938889682292938,
                    -0.7814504504203796,
                    0.04187777638435364
                ],
                [
                    -0.80901700258255,
                    -0.15212984383106232,
                    0.5677569508552551,
                    -0.030425965785980225
                ],
                [
                    5.920288259630979e-08,
                    0.965925931930542,
                    0.2588188350200653,
                    0.19318518042564392
                ],
                [
                    0.0,
                    0.0,
                    0.0,
                    1.0
                ]
            ],
            "file_path": "output_rendering/rendering_0035"
        },
        {
            "transform_matrix": [
                [
                    8.74227694680485e-08,
                    0.2588188946247101,
                    -0.9659258127212524,
                    0.05176377668976784
                ],
                [
                    -1.0,
                    1.0707059061587643e-07,
                    -6.18172535382655e-08,
                    2.1414118478446653e-08
                ],
                [
                    8.742277657347586e-08,
                    0.965925931930542,
                    0.2588188648223877,
                    0.19318518042564392
                ],
                [
                    0.0,
                    0.0,
                    0.0,
                    1.0
                ]
            ],
            "file_path": "output_rendering/rendering_0036"
        },
        {
            "transform_matrix": [
                [
                    0.5877854228019714,
                    0.209388867020607,
                    -0.7814503312110901,
                    0.04187776893377304
                ],
                [
                    -0.8090168237686157,
                    0.15213006734848022,
                    -0.5677571296691895,
                    0.030426010489463806
                ],
                [
                    8.455346289792942e-08,
                    0.9659258723258972,
                    0.25881892442703247,
                    0.19318516552448273
                ],
                [
                    0.0,
                    0.0,
                    0.0,
                    1.0
                ]
            ],
            "file_path": "output_rendering/rendering_0037"
        },
        {
            "transform_matrix": [
                [
                    0.9510564804077148,
                    0.07997947186231613,
                    -0.2984876036643982,
                    0.015995893627405167
                ],
                [
                    -0.3090171217918396,
                    0.24615149199962616,
                    -0.9186500310897827,
                    0.04923029616475105
                ],
                [
                    3.132446835252267e-08,
                    0.9659258723258972,
                    0.25881895422935486,
                    0.19318516552448273
                ],
                [
                    0.0,
                    0.0,
                    0.0,
                    1.0
                ]
            ],
            "file_path": "output_rendering/rendering_0038"
        },
        {
            "transform_matrix": [
                [
                    0.9510565400123596,
                    -0.07997951656579971,
                    0.2984876036643982,
                    -0.015995902940630913
                ],
                [
                    0.3090170919895172,
                    0.24615153670310974,
                    -0.9186500310897827,
                    0.04923031106591225
                ],
                [
                    9.048351401474974e-09,
                    0.9659258127212524,
                    0.258819043636322,
                    0.19318516552448273
                ],
                [
                    0.0,
                    0.0,
                    0.0,
                    1.0
                ]
            ],
            "file_path": "output_rendering/rendering_0039"
        },
        {
            "transform_matrix": [
                [
                    0.5877853631973267,
                    -0.20938900113105774,
                    0.7814503908157349,
                    -0.04187779873609543
                ],
                [
                    0.8090168237686157,
                    0.15213005244731903,
                    -0.5677570700645447,
                    0.030426008626818657
                ],
                [
                    1.3094449968775734e-08,
                    0.9659258127212524,
                    0.2588190734386444,
                    0.19318516552448273
                ],
                [
                    0.0,
                    0.0,
                    0.0,
                    1.0
                ]
            ],
            "file_path": "output_rendering/rendering_0040"
        },
        {
            "transform_matrix": [
                [
                    0.0,
                    0.258819043636322,
                    0.9659258127212524,
                    -0.051763810217380524
                ],
                [
                    1.0,
                    0.0,
                    0.0,
                    0.0
                ],
                [
                    0.0,
                    0.9659258127212524,
                    -0.258819043636322,
                    -0.19318516552448273
                ],
                [
                    0.0,
                    0.0,
                    0.0,
                    1.0
                ]
            ],
            "file_path": "output_rendering/rendering_0041"
        },
        {
            "transform_matrix": [
                [
                    -0.5877853035926819,
                    0.20938901603221893,
                    0.7814504504203796,
                    -0.04187780246138573
                ],
                [
                    0.80901700258255,
                    0.15213002264499664,
                    0.5677570104598999,
                    -0.03042600490152836
                ],
                [
                    3.0219347024740273e-09,
                    0.9659258127212524,
                    -0.258819043636322,
                    -0.19318516552448273
                ],
                [
                    0.0,
                    0.0,
                    0.0,
                    1.0
                ]
            ],
            "file_path": "output_rendering/rendering_0042"
        },
        {
            "transform_matrix": [
                [
                    -0.9510564804077148,
                    0.07997947931289673,
                    0.29848745465278625,
                    -0.015995897352695465
                ],
                [
                    0.30901697278022766,
                    0.24615153670310974,
                    0.9186500310897827,
                    -0.04923031106591225
                ],
                [
                    -2.0692905167152276e-09,
                    0.9659258127212524,
                    -0.258819043636322,
                    -0.19318516552448273
                ],
                [
                    0.0,
                    0.0,
                    0.0,
                    1.0
                ]
            ],
            "file_path": "output_rendering/rendering_0043"
        },
        {
            "transform_matrix": [
                [
                    -0.9510564804077148,
                    -0.07997947186231613,
                    -0.2984876036643982,
                    0.015995893627405167
                ],
                [
                    -0.3090171217918396,
                    0.24615149199962616,
                    0.9186500310897827,
                    -0.04923029616475105
                ],
                [
                    3.132446835252267e-08,
                    0.9659258723258972,
                    -0.25881895422935486,
                    -0.19318516552448273
                ],
                [
                    0.0,
                    0.0,
                    0.0,
                    1.0
                ]
            ],
            "file_path": "output_rendering/rendering_0044"
        },
        {
            "transform_matrix": [
                [
                    -0.5877852439880371,
                    -0.20938889682292938,
                    -0.7814504504203796,
                    0.04187777638435364
                ],
                [
                    -0.8090169429779053,
                    0.15213000774383545,
                    0.5677568912506104,
                    -0.03042599931359291
                ],
                [
                    7.18876265182189e-08,
                    0.9659258723258972,
                    -0.25881895422935486,
                    -0.19318516552448273
                ],
                [
                    0.0,
                    0.0,
                    0.0,
                    1.0
                ]
            ],
            "file_path": "output_rendering/rendering_0045"
        },
        {
            "transform_matrix": [
                [
                    8.74227694680485e-08,
                    -0.2588188946247101,
                    -0.9659258127212524,
                    0.05176377668976784
                ],
                [
                    -1.0,
                    6.181726064369286e-08,
                    -1.0707057640502171e-07,
                    -1.236345248400994e-08
                ],
                [
                    8.742277657347586e-08,
                    0.965925931930542,
                    -0.2588188648223877,
                    -0.19318518042564392
                ],
                [
                    0.0,
                    0.0,
                    0.0,
                    1.0
                ]
            ],
            "file_path": "output_rendering/rendering_0046"
        },
        {
            "transform_matrix": [
                [
                    0.5877854228019714,
                    -0.2093888819217682,
                    -0.7814503908157349,
                    0.04187777265906334
                ],
                [
                    -0.8090168237686157,
                    -0.1521299034357071,
                    -0.5677571892738342,
                    0.03042597882449627
                ],
                [
                    6.889447234925683e-08,
                    0.965925931930542,
                    -0.2588188648223877,
                    -0.19318518042564392
                ],
                [
                    0.0,
                    0.0,
                    0.0,
                    1.0
                ]
            ],
            "file_path": "output_rendering/rendering_0047"
        },
        {
            "transform_matrix": [
                [
                    0.9510564804077148,
                    -0.07997947931289673,
                    -0.2984876334667206,
                    0.015995895490050316
                ],
                [
                    -0.3090171217918396,
                    -0.24615135788917542,
