{
    "fl_x": 491.77142333984375,
    "fl_y": 491.77142333984375,
    "cx": 255.5,
    "cy": 255.5,
    "w": 512,
    "h": 512,
    "camera_angle_x": 0.9599310885968813,
    "aabb_scale": 4,
    "integer_depth_scale": 10000,
    "frames": [
        {
            "transform_matrix": [
                [
                    0.0,
                    0.0,
                    1.0,
                    0.0
                ],
                [
                    1.0,
                    0.0,
                    0.0,
                    0.0
                ],
                [
                    0.0,
                    1.0,
                    0.0,
                    0.0
                ],
                [
                    0.0,
                    0.0,
                    0.0,
                    1.0
                ]
            ],
            "file_path": "output_rendering/rendering_0000.png"
        },
        {
            "transform_matrix": [
                [
                    0.7071067690849304,
                    0.0,
                    0.7071067094802856,
                    0.0
                ],
                [
                    0.7071067094802856,
                    0.0,
                    -0.7071067690849304,
                    0.0
                ],
                [
                    0.0,
                    1.0,
                    0.0,
                    0.0
                ],
                [
                    0.0,
                    0.0,
                    0.0,
                    1.0
                ]
            ],
            "file_path": "output_rendering/rendering_0001.png"
        },
        {
            "transform_matrix": [
                [
                    0.7343224287033081,
                    0.0,
                    0.6788007020950317,
                    -0.07343224436044693
                ],
                [
                    0.6788007020950317,
                    0.0,
                    -0.7343224883079529,
                    -0.0678800716996193
                ],
                [
                    0.0,
                    1.0,
                    0.0,
                    0.0
                ],
                [
                    0.0,
                    0.0,
                    0.0,
                    1.0
                ]
            ],
            "file_path": "output_rendering/rendering_0002.png"
        },
        {
            "transform_matrix": [
                [
                    0.760405957698822,
                    0.0,
                    0.649448037147522,
                    -0.1520811915397644
                ],
                [
                    0.649448037147522,
                    0.0,
                    -0.7604060173034668,
                    -0.1298896074295044
                ],
                [
                    0.0,
                    1.0,
                    0.0,
                    0.0
                ],
                [
                    0.0,
                    0.0,
                    0.0,
                    1.0
                ]
            ],
            "file_path": "output_rendering/rendering_0003.png"
        },
        {
            "transform_matrix": [
                [
                    0.7853169441223145,
                    0.0,
                    0.6190938353538513,
                    -0.23559510707855225
                ],
                [
                    0.6190938353538513,
                    0.0,
                    -0.7853169441223145,
                    -0.18572816252708435
                ],
                [
                    0.0,
                    1.0,
                    0.0,
                    0.0
                ],
                [
                    0.0,
                    0.0,
                    0.0,
                    1.0
                ]
            ],
            "file_path": "output_rendering/rendering_0004.png"
        },
        {
            "transform_matrix": [
                [
                    0.80901700258255,
                    0.0,
                    0.5877851843833923,
                    -0.32360678911209106
                ],
                [
                    0.5877851843833923,
                    0.0,
                    -0.80901700258255,
                    -0.23511408269405365
                ],
                [
                    0.0,
                    1.0,
                    0.0,
                    0.0
                ],
                [
                    0.0,
                    0.0,
                    0.0,
                    1.0
                ]
            ],
            "file_path": "output_rendering/rendering_0005.png"
        },
        {
            "transform_matrix": [
                [
                    0.8314696550369263,
                    0.0,
                    0.5555701851844788,
                    -0.41573482751846313
                ],
                [
                    0.5555701851844788,
                    0.0,
                    -0.8314695954322815,
                    -0.2777850925922394
                ],
                [
                    0.0,
                    1.0,
                    0.0,
                    0.0
                ],
                [
                    0.0,
                    0.0,
                    0.0,
                    1.0
                ]
            ],
            "file_path": "output_rendering/rendering_0006.png"
        },
        {
            "transform_matrix": [
                [
                    0.8526402711868286,
                    0.0,
                    0.522498369216919,
                    -0.5115841627120972
                ],
                [
                    0.5224984288215637,
                    0.0,
                    -0.8526402115821838,
                    -0.3134990632534027
                ],
                [
                    0.0,
                    1.0,
                    0.0,
                    0.0
                ],
                [
                    0.0,
                    0.0,
                    0.0,
                    1.0
                ]
            ],
            "file_path": "output_rendering/rendering_0007.png"
        },
        {
            "transform_matrix": [
                [
                    0.8724960684776306,
                    0.0,
                    0.48862114548683167,
                    -0.610747218132019
                ],
                [
                    0.48862117528915405,
                    0.0,
                    -0.8724960684776306,
                    -0.34203478693962097
                ],
                [
                    0.0,
                    1.0,
                    0.0,
                    0.0
                ],
                [
                    0.0,
                    0.0,
                    0.0,
                    1.0
                ]
            ],
            "file_path": "output_rendering/rendering_0008.png"
        },
        {
            "transform_matrix": [
                [
                    0.8910065293312073,
                    0.0,
                    0.4539904296398163,
                    -0.7128052711486816
                ],
                [
                    0.4539903700351715,
                    0.0,
                    -0.8910065293312073,
                    -0.3631923198699951
                ],
                [
                    0.0,
                    1.0,
                    0.0,
                    0.0
                ],
                [
                    0.0,
                    0.0,
                    0.0,
                    1.0
                ]
            ],
            "file_path": "output_rendering/rendering_0009.png"
        },
        {
            "transform_matrix": [
                [
                    0.908143162727356,
                    0.0,
                    0.4186597466468811,
                    -0.8173288106918335
                ],
                [
                    0.4186597764492035,
                    0.0,
                    -0.9081431031227112,
                    -0.376793771982193
                ],
                [
                    0.0,
                    1.0,
                    0.0,
                    0.0
                ],
                [
                    0.0,
                    0.0,
                    0.0,
                    1.0
                ]
            ],
            "file_path": "output_rendering/rendering_0010.png"
        },
        {
            "transform_matrix": [
                [
                    0.9238796234130859,
                    0.0,
                    0.3826833963394165,
                    -0.9238796234130859
                ],
                [
                    0.3826833665370941,
                    0.0,
                    -0.9238796234130859,
                    -0.3826833665370941
                ],
                [
                    0.0,
                    1.0,
                    0.0,
                    0.0
                ],
                [
                    -2.9540956347773317e-08,
                    0.0,
                    -4.434897249439018e-08,
                    1.0
                ]
            ],
            "file_path": "output_rendering/rendering_0011.png"
        },
        {
            "transform_matrix": [
                [
                    0.938191294670105,
                    0.0,
                    0.3461170494556427,
                    -1.0320104360580444
                ],
                [
                    0.3461170196533203,
                    0.0,
                    -0.9381913542747498,
                    -0.38072872161865234
                ],
                [
                    0.0,
                    1.0,
                    0.0,
                    0.0
                ],
                [
                    -1.1822777423731168e-08,
                    0.0,
                    2.1033272901149758e-09,
                    0.9999999403953552
                ]
            ],
            "file_path": "output_rendering/rendering_0012.png"
        },
        {
            "transform_matrix": [
                [
                    0.9510565400123596,
                    0.0,
                    0.3090169131755829,
                    -1.1412678956985474
                ],
                [
                    0.30901697278022766,
                    0.0,
                    -0.9510564804077148,
                    -0.37082040309906006
                ],
                [
                    0.0,
                    1.0,
                    0.0,
                    0.0
                ],
                [
                    -4.956154242563571e-08,
                    0.0,
                    1.8120001499255523e-08,
                    1.0000001192092896
                ]
            ],
            "file_path": "output_rendering/rendering_0013.png"
        },
        {
            "transform_matrix": [
                [
                    0.9624552726745605,
                    0.0,
                    0.2714402973651886,
                    -1.2511918544769287
                ],
                [
                    0.2714402973651886,
                    0.0,
                    -0.9624552726745605,
                    -0.35287240147590637
                ],
                [
                    0.0,
                    1.0,
                    0.0,
                    0.0
                ],
                [
                    -2.0335619410616346e-08,
                    0.0,
                    -1.5865424529692973e-09,
                    1.0
                ]
            ],
            "file_path": "output_rendering/rendering_0014.png"
        },
        {
            "transform_matrix": [
                [
                    0.972369909286499,
                    0.0,
                    0.2334454208612442,
                    -1.3613178730010986
                ],
                [
                    0.2334454208612442,
                    0.0,
                    -0.972369909286499,
                    -0.3268235921859741
                ],
                [
                    0.0,
                    1.0,
                    0.0,
                    0.0
                ],
                [
                    4.660304853132402e-08,
                    0.0,
                    7.190488204855683e-09,
                    1.0
                ]
            ],
            "file_path": "output_rendering/rendering_0015.png"
        },
        {
            "transform_matrix": [
                [
                    0.9807853102684021,
                    0.0,
                    0.19509048759937286,
                    -1.4711779356002808
                ],
                [
                    0.19509048759937286,
                    0.0,
                    -0.9807852506637573,
                    -0.2926357388496399
                ],
                [
                    0.0,
                    1.0,
                    0.0,
                    0.0
                ],
                [
                    9.968434966367568e-09,
                    0.0,
                    -3.257089709052252e-09,
                    1.0
                ]
            ],
            "file_path": "output_rendering/rendering_0016.png"
        },
        {
            "transform_matrix": [
                [
                    0.9876883625984192,
                    0.0,
                    0.15643425285816193,
                    -1.5803014039993286
                ],
                [
                    0.15643425285816193,
                    0.0,
                    -0.987688422203064,
                    -0.2502948045730591
                ],
                [
                    0.0,
                    1.0,
                    0.0,
                    0.0
                ],
                [
                    2.8583190925246527e-08,
                    0.0,
                    2.175046809327341e-09,
                    1.0
                ]
            ],
            "file_path": "output_rendering/rendering_0017.png"
        },
        {
            "transform_matrix": [
                [
                    0.9930683970451355,
                    0.0,
                    0.11753739416599274,
                    -1.6882164478302002
                ],
                [
                    0.11753740161657333,
                    0.0,
                    -0.9930684566497803,
                    -0.1998136043548584
                ],
                [
                    0.0,
                    1.0,
                    0.0,
                    0.0
                ],
                [
                    2.818215349975617e-08,
                    0.0,
                    5.326762142487951e-09,
                    1.0
                ]
            ],
            "file_path": "output_rendering/rendering_0018.png"
        },
        {
            "transform_matrix": [
                [
                    0.9969173669815063,
                    0.0,
                    0.07845944166183472,
                    -1.7944512367248535
                ],
                [
                    0.07845944166183472,
                    0.0,
                    -0.9969172477722168,
                    -0.14122700691223145
                ],
                [
                    0.0,
                    1.0,
                    0.0,
                    0.0
                ],
                [
                    -2.0843877734932903e-08,
                    0.0,
                    -2.0702835001884523e-09,
                    1.0000001192092896
                ]
            ],
            "file_path": "output_rendering/rendering_0019.png"
        },
        {
            "transform_matrix": [
                [
                    0.9992290139198303,
                    0.0,
                    0.0392603799700737,
                    -1.898535132408142
                ],
                [
                    0.039260383695364,
                    0.0,
                    -0.9992289543151855,
                    -0.07459472864866257
                ],
                [
                    0.0,
                    1.0,
                    0.0,
                    0.0
                ],
                [
                    -2.109366192826201e-08,
                    0.0,
                    -1.431841312182769e-10,
                    1.0
                ]
            ],
            "file_path": "output_rendering/rendering_0020.png"
        },
        {
            "transform_matrix": [
                [
                    -0.7071067690849304,
                    0.0,
                    0.7071067094802856,
                    0.0
                ],
                [
                    0.7071067094802856,
                    0.0,
                    0.7071067690849304,
                    0.0
                ],
                [
                    0.0,
                    1.0,
                    0.0,
                    0.0
                ],
                [
                    0.0,
                    0.0,
                    0.0,
                    1.0
                ]
            ],
            "file_path": "output_rendering/rendering_0021.png"
        },
        {
            "transform_matrix": [
                [
                    -0.7343224287033081,
                    0.0,
                    0.6788007020950317,
                    -0.07343224436044693
                ],
                [
                    0.6788007020950317,
                    0.0,
                    0.7343224883079529,
                    0.0678800716996193
                ],
                [
                    0.0,
                    1.0,
                    0.0,
                    0.0
                ],
                [
                    0.0,
                    0.0,
                    0.0,
                    1.0
                ]
            ],
            "file_path": "output_rendering/rendering_0022.png"
        },
        {
            "transform_matrix": [
                [
                    -0.760405957698822,
                    0.0,
                    0.649448037147522,
                    -0.1520811915397644
                ],
                [
                    0.649448037147522,
                    0.0,
                    0.7604060173034668,
                    0.1298896074295044
                ],
                [
                    0.0,
                    1.0,
                    0.0,
                    0.0
                ],
                [
                    0.0,
                    0.0,
                    0.0,
                    1.0
                ]
            ],
            "file_path": "output_rendering/rendering_0023.png"
        },
        {
            "transform_matrix": [
                [
                    -0.7853169441223145,
                    0.0,
                    0.6190938353538513,
                    -0.23559510707855225
                ],
                [
                    0.6190938353538513,
                    0.0,
                    0.7853169441223145,
                    0.18572816252708435
                ],
                [
                    0.0,
                    1.0,
                    0.0,
                    0.0
                ],
                [
                    0.0,
                    0.0,
                    0.0,
                    1.0
                ]
            ],
            "file_path": "output_rendering/rendering_0024.png"
        },
        {
            "transform_matrix": [
                [
                    -0.80901700258255,
                    0.0,
                    0.5877851843833923,
                    -0.32360678911209106
                ],
                [
                    0.5877851843833923,
                    0.0,
                    0.80901700258255,
                    0.23511408269405365
                ],
                [
                    0.0,
                    1.0,
                    0.0,
                    0.0
                ],
                [
                    0.0,
                    0.0,
                    0.0,
                    1.0
                ]
            ],
            "file_path": "output_rendering/rendering_0025.png"
        },
        {
            "transform_matrix": [
                [
                    -0.8314696550369263,
                    0.0,
                    0.5555701851844788,
                    -0.41573482751846313
                ],
                [
                    0.5555701851844788,
                    0.0,
                    0.8314695954322815,
                    0.2777850925922394
                ],
                [
                    0.0,
                    1.0,
                    0.0,
                    0.0
                ],
                [
                    0.0,
                    0.0,
                    0.0,
                    1.0
                ]
            ],
            "file_path": "output_rendering/rendering_0026.png"
        },
        {
            "transform_matrix": [
                [
                    -0.8526402711868286,
                    0.0,
                    0.522498369216919,
                    -0.5115841627120972
                ],
                [
                    0.5224984288215637,
                    0.0,
                    0.8526402115821838,
                    0.3134990632534027
                ],
                [
                    0.0,
                    1.0,
                    0.0,
                    0.0
                ],
                [
                    0.0,
                    0.0,
                    0.0,
                    1.0
                ]
            ],
            "file_path": "output_rendering/rendering_0027.png"
        },
        {
            "transform_matrix": [
                [
                    -0.8724960684776306,
                    0.0,
                    0.48862114548683167,
                    -0.610747218132019
                ],
                [
                    0.48862117528915405,
                    0.0,
                    0.8724960684776306,
                    0.34203478693962097
                ],
                [
                    0.0,
                    1.0,
                    0.0,
                    0.0
                ],
                [
                    0.0,
                    0.0,
                    0.0,
                    1.0
                ]
            ],
            "file_path": "output_rendering/rendering_0028.png"
        },
        {
            "transform_matrix": [
                [
                    -0.8910065293312073,
                    0.0,
                    0.4539904296398163,
                    -0.7128052711486816
                ],
                [
                    0.4539903700351715,
                    0.0,
                    0.8910065293312073,
                    0.3631923198699951
                ],
                [
                    0.0,
                    1.0,
                    0.0,
                    0.0
                ],
                [
                    0.0,
                    0.0,
                    0.0,
                    1.0
                ]
            ],
            "file_path": "output_rendering/rendering_0029.png"
        },
        {
            "transform_matrix": [
                [
                    -0.908143162727356,
                    0.0,
                    0.4186597466468811,
                    -0.8173288106918335
                ],
                [
                    0.4186597764492035,
                    0.0,
                    0.9081431031227112,
                    0.376793771982193
                ],
                [
                    0.0,
                    1.0,
                    0.0,
                    0.0
                ],
                [
                    0.0,
                    0.0,
                    0.0,
                    1.0
                ]
            ],
            "file_path": "output_rendering/rendering_0030.png"
        },
        {
            "transform_matrix": [
                [
                    -0.9238796234130859,
                    0.0,
                    0.3826833963394165,
                    -0.9238796234130859
                ],
                [
                    0.3826833665370941,
                    0.0,
                    0.9238796234130859,
                    0.3826833665370941
                ],
                [
                    0.0,
                    1.0,
                    0.0,
                    0.0
                ],
                [
                    2.9540956347773317e-08,
                    0.0,
                    -4.434897249439018e-08,
                    1.0
                ]
            ],
            "file_path": "output_rendering/rendering_0031.png"
        },
        {
            "transform_matrix": [
                [
                    -0.938191294670105,
                    0.0,
                    0.3461170494556427,
                    -1.0320104360580444
                ],
                [
                    0.3461170196533203,
                    0.0,
                    0.9381913542747498,
                    0.38072872161865234
                ],
                [
                    0.0,
                    1.0,
                    0.0,
                    0.0
                ],
                [
                    1.1822777423731168e-08,
                    0.0,
                    2.1033272901149758e-09,
                    0.9999999403953552
                ]
            ],
            "file_path": "output_rendering/rendering_0032.png"
        },
        {
            "transform_matrix": [
                [
                    -0.9510565400123596,
                    0.0,
                    0.3090169131755829,
                    -1.1412678956985474
                ],
                [
                    0.30901697278022766,
                    0.0,
                    0.9510564804077148,
                    0.37082040309906006
                ],
                [
                    0.0,
                    1.0,
                    0.0,
                    0.0
                ],
                [
                    4.956154242563571e-08,
                    0.0,
                    1.8120001499255523e-08,
                    1.0000001192092896
                ]
            ],
            "file_path": "output_rendering/rendering_0033.png"
        },
        {
            "transform_matrix": [
                [
                    -0.9624552726745605,
                    0.0,
                    0.2714402973651886,
                    -1.2511918544769287
                ],
                [
                    0.2714402973651886,
                    0.0,
                    0.9624552726745605,
                    0.35287240147590637
                ],
                [
                    0.0,
                    1.0,
                    0.0,
                    0.0
                ],
                [
                    2.0335619410616346e-08,
                    0.0,
                    -1.5865424529692973e-09,
                    1.0
                ]
            ],
            "file_path": "output_rendering/rendering_0034.png"
        },
        {
            "transform_matrix": [
                [
                    -0.972369909286499,
                    0.0,
                    0.2334454208612442,
                    -1.3613178730010986
                ],
                [
                    0.2334454208612442,
                    0.0,
                    0.972369909286499,
                    0.3268235921859741
                ],
                [
                    0.0,
                    1.0,
                    0.0,
                    0.0
                ],
                [
                    -4.660304853132402e-08,
                    0.0,
                    7.190488204855683e-09,
                    1.0
                ]
            ],
            "file_path": "output_rendering/rendering_0035.png"
        },
        {
            "transform_matrix": [
                [
                    -0.9807853102684021,
                    0.0,
                    0.19509048759937286,
                    -1.4711779356002808
                ],
                [
                    0.19509048759937286,
                    0.0,
                    0.9807852506637573,
                    0.2926357388496399
                ],
                [
                    0.0,
                    1.0,
                    0.0,
                    0.0
                ],
                [
                    -9.968434966367568e-09,
                    0.0,
                    -3.257089709052252e-09,
                    1.0
                ]
            ],
            "file_path": "output_rendering/rendering_0036.png"
        },
        {
            "transform_matrix": [
                [
                    -0.9876883625984192,
                    0.0,
                    0.15643425285816193,
                    -1.5803014039993286
                ],
                [
                    0.15643425285816193,
                    0.0,
                    0.987688422203064,
                    0.2502948045730591
                ],
                [
                    0.0,
                    1.0,
                    0.0,
                    0.0
                ],
                [
                    -2.8583190925246527e-08,
                    0.0,
                    2.175046809327341e-09,
                    1.0
                ]
            ],
            "file_path": "output_rendering/rendering_0037.png"
        },
        {
            "transform_matrix": [
                [
                    -0.9930683970451355,
                    0.0,
                    0.11753739416599274,
                    -1.6882164478302002
                ],
                [
                    0.11753740161657333,
                    0.0,
                    0.9930684566497803,
                    0.1998136043548584
                ],
                [
                    0.0,
                    1.0,
                    0.0,
                    0.0
                ],
                [
                    -2.818215349975617e-08,
                    0.0,
                    5.326762142487951e-09,
                    1.0
                ]
            ],
            "file_path": "output_rendering/rendering_0038.png"
        },
        {
            "transform_matrix": [
                [
                    -0.9969173669815063,
                    0.0,
                    0.07845944166183472,
                    -1.7944512367248535
                ],
                [
                    0.07845944166183472,
                    0.0,
                    0.9969172477722168,
                    0.14122700691223145
                ],
                [
                    0.0,
                    1.0,
                    0.0,
                    0.0
                ],
                [
                    2.0843877734932903e-08,
                    0.0,
                    -2.0702835001884523e-09,
                    1.0000001192092896
                ]
            ],
            "file_path": "output_rendering/rendering_0039.png"
        },
        {
            "transform_matrix": [
                [
                    -0.9992290139198303,
                    0.0,
                    0.0392603799700737,
                    -1.898535132408142
                ],
                [
                    0.039260383695364,
                    0.0,
                    0.9992289543151855,
                    0.07459472864866257
                ],
                [
                    0.0,
                    1.0,
                    0.0,
                    0.0
                ],
                [
                    2.109366192826201e-08,
                    0.0,
                    -1.431841312182769e-10,
                    1.0
                ]
            ],
            "file_path": "output_rendering/rendering_0040.png"
        }
    ]
}