{
    "fl_x": 491.77142333984375,
    "fl_y": 491.77142333984375,
    "cx": 255.5,
    "cy": 255.5,
    "w": 512,
    "h": 512,
    "camera_angle_x": 0.9599310885968813,
    "aabb_scale": 4,
    "integer_depth_scale": 10000,
    "frames": [
        {
            "transform_matrix": [
                [
                    0.0,
                    0.0,
                    1.0,
                    0.0
                ],
                [
                    1.0,
                    0.0,
                    0.0,
                    0.0
                ],
                [
                    0.0,
                    1.0,
                    0.0,
                    0.0
                ],
                [
                    0.0,
                    0.0,
                    0.0,
                    1.0
                ]
            ],
            "file_path": "output_rendering/rendering_0001.png"
        },
        {
            "transform_matrix": [
                [
                    -0.2079116702079773,
                    0.0,
                    0.978147566318512,
                    0.0
                ],
                [
                    0.978147566318512,
                    0.0,
                    0.2079116851091385,
                    0.0
                ],
                [
                    0.0,
                    1.0,
                    0.0,
                    0.0
                ],
                [
                    0.0,
                    0.0,
                    0.0,
                    1.0
                ]
            ],
            "file_path": "output_rendering/rendering_0002.png"
        },
        {
            "transform_matrix": [
                [
                    -0.4067366123199463,
                    0.0,
                    0.9135454297065735,
                    0.0
                ],
                [
                    0.9135454297065735,
                    0.0,
                    0.4067366123199463,
                    0.0
                ],
                [
                    0.0,
                    1.0,
                    0.0,
                    0.0
                ],
                [
                    0.0,
                    0.0,
                    0.0,
                    1.0
                ]
            ],
            "file_path": "output_rendering/rendering_0003.png"
        },
        {
            "transform_matrix": [
                [
                    -0.5877852439880371,
                    0.0,
                    0.80901700258255,
                    0.0
                ],
                [
                    0.80901700258255,
                    0.0,
                    0.5877852439880371,
                    0.0
                ],
                [
                    0.0,
                    1.0,
                    0.0,
                    0.0
                ],
                [
                    0.0,
                    0.0,
                    0.0,
                    1.0
                ]
            ],
            "file_path": "output_rendering/rendering_0004.png"
        },
        {
            "transform_matrix": [
                [
                    -0.7431448101997375,
                    0.0,
                    0.6691305637359619,
                    0.0
                ],
                [
                    0.6691305637359619,
                    0.0,
                    0.7431448101997375,
                    0.0
                ],
                [
                    0.0,
                    1.0,
                    0.0,
                    0.0
                ],
                [
                    0.0,
                    0.0,
                    0.0,
                    1.0
                ]
            ],
            "file_path": "output_rendering/rendering_0005.png"
        },
        {
            "transform_matrix": [
                [
                    -0.866025447845459,
                    0.0,
                    0.4999999701976776,
                    0.0
                ],
                [
                    0.4999999403953552,
                    0.0,
                    0.866025447845459,
                    0.0
                ],
                [
                    0.0,
                    1.0,
                    0.0,
                    0.0
                ],
                [
                    0.0,
                    0.0,
                    0.0,
                    1.0
                ]
            ],
            "file_path": "output_rendering/rendering_0006.png"
        },
        {
            "transform_matrix": [
                [
                    -0.9510564804077148,
                    0.0,
                    0.30901697278022766,
                    0.0
                ],
                [
                    0.3090169429779053,
                    0.0,
                    0.9510564804077148,
                    0.0
                ],
                [
                    0.0,
                    1.0,
                    0.0,
                    0.0
                ],
                [
                    0.0,
                    0.0,
                    0.0,
                    1.0
                ]
            ],
            "file_path": "output_rendering/rendering_0007.png"
        },
        {
            "transform_matrix": [
                [
                    -0.994521975517273,
                    0.0,
                    0.10452818870544434,
                    0.0
                ],
                [
                    0.10452819615602493,
                    0.0,
                    0.994521975517273,
                    0.0
                ],
                [
                    0.0,
                    1.0,
                    0.0,
                    0.0
                ],
                [
                    0.0,
                    0.0,
                    0.0,
                    1.0
                ]
            ],
            "file_path": "output_rendering/rendering_0008.png"
        },
        {
            "transform_matrix": [
                [
                    -0.9945218563079834,
                    9.13819597769816e-09,
                    -0.10452877730131149,
                    0.0
                ],
                [
                    -0.10452877730131149,
                    4.789150742645631e-10,
                    0.9945218563079834,
                    0.0
                ],
                [
                    9.13819597769816e-09,
                    1.0,
                    4.789151297757144e-10,
                    0.0
                ],
                [
                    0.0,
                    0.0,
                    0.0,
                    1.0
                ]
            ],
            "file_path": "output_rendering/rendering_0009.png"
        },
        {
            "transform_matrix": [
                [
                    -0.9510565400123596,
                    2.7015133241548028e-08,
                    -0.3090170919895172,
                    0.0
                ],
                [
                    -0.3090170919895172,
                    4.278774223820392e-09,
                    0.9510564804077148,
                    0.0
                ],
                [
                    2.7015133241548028e-08,
                    1.0,
                    4.278774667909602e-09,
                    0.0
                ],
                [
                    0.0,
                    0.0,
                    0.0,
                    1.0
                ]
            ],
            "file_path": "output_rendering/rendering_0010.png"
        },
        {
            "transform_matrix": [
                [
                    -0.866025447845459,
                    4.371138473402425e-08,
                    -0.4999999701976776,
                    0.0
                ],
                [
                    -0.4999999403953552,
                    1.1712427472332365e-08,
                    0.866025447845459,
                    0.0
                ],
                [
                    4.371138828673793e-08,
                    1.0,
                    1.1712428360510785e-08,
                    0.0
                ],
                [
                    0.0,
                    0.0,
                    0.0,
                    1.0
                ]
            ],
            "file_path": "output_rendering/rendering_0011.png"
        },
        {
            "transform_matrix": [
                [
                    -0.7431448101997375,
                    5.849726036899483e-08,
                    -0.6691306233406067,
                    0.0
                ],
                [
                    -0.6691306233406067,
                    2.245500141384582e-08,
                    0.7431447505950928,
                    0.0
                ],
                [
                    5.849725681628115e-08,
                    1.0,
                    2.245500141384582e-08,
                    0.0
                ],
                [
                    0.0,
                    0.0,
                    0.0,
                    1.0
                ]
            ],
            "file_path": "output_rendering/rendering_0012.png"
        },
        {
            "transform_matrix": [
                [
                    -0.5877851843833923,
                    7.072650731743124e-08,
                    -0.80901700258255,
                    0.0
                ],
                [
                    -0.80901700258255,
                    3.603695830634024e-08,
                    0.5877851843833923,
                    0.0
                ],
                [
                    7.072650731743124e-08,
                    1.0,
                    3.603696185905392e-08,
                    0.0
                ],
                [
                    0.0,
                    0.0,
                    0.0,
                    1.0
                ]
            ],
            "file_path": "output_rendering/rendering_0013.png"
        },
        {
            "transform_matrix": [
                [
                    -0.4067365527153015,
                    7.986467664977681e-08,
                    -0.9135454297065735,
                    0.0
                ],
                [
                    -0.9135454297065735,
                    5.186473472917896e-08,
                    0.4067365825176239,
                    0.0
                ],
                [
                    7.986467664977681e-08,
                    1.0,
                    5.186473472917896e-08,
                    0.0
                ],
                [
                    0.0,
                    0.0,
                    0.0,
                    1.0
                ]
            ],
            "file_path": "output_rendering/rendering_0014.png"
        },
        {
            "transform_matrix": [
                [
                    -0.20791161060333252,
                    8.551238295240182e-08,
                    -0.9781476855278015,
                    0.0
                ],
                [
                    -0.978147566318512,
                    6.924656759110803e-08,
                    0.2079116255044937,
                    0.0
                ],
                [
                    8.551238295240182e-08,
                    1.0,
                    6.924657469653539e-08,
                    0.0
                ],
                [
                    0.0,
                    0.0,
                    0.0,
                    1.0
                ]
            ],
            "file_path": "output_rendering/rendering_0015.png"
        },
        {
            "transform_matrix": [
                [
                    8.742277657347586e-08,
                    8.742277657347586e-08,
                    -1.0,
                    0.0
                ],
                [
                    -1.0,
                    8.742278367890322e-08,
                    -8.74227694680485e-08,
                    0.0
                ],
                [
                    8.742277657347586e-08,
                    1.0,
                    8.742278367890322e-08,
                    0.0
                ],
                [
                    0.0,
                    0.0,
                    0.0,
                    1.0
                ]
            ],
            "file_path": "output_rendering/rendering_0016.png"
        },
        {
            "transform_matrix": [
                [
                    0.20791178941726685,
                    8.551237584697446e-08,
                    -0.978147566318512,
                    0.0
                ],
                [
                    -0.9781476259231567,
                    1.055989997666984e-07,
                    -0.20791178941726685,
                    0.0
                ],
                [
                    8.551237584697446e-08,
                    1.0,
                    1.055989997666984e-07,
                    0.0
                ],
                [
                    0.0,
                    0.0,
                    0.0,
                    1.0
                ]
            ],
            "file_path": "output_rendering/rendering_0017.png"
        },
        {
            "transform_matrix": [
                [
                    0.40673673152923584,
                    7.986468375520417e-08,
                    -0.9135454297065735,
                    0.0
                ],
                [
                    -0.9135454297065735,
                    1.2298083618134115e-07,
                    -0.40673673152923584,
                    0.0
                ],
                [
                    7.986467664977681e-08,
                    1.0,
                    1.2298083618134115e-07,
                    0.0
                ],
                [
                    0.0,
                    0.0,
                    0.0,
                    1.0
                ]
            ],
            "file_path": "output_rendering/rendering_0018.png"
        },
        {
            "transform_matrix": [
                [
                    0.5877854228019714,
                    7.072650731743124e-08,
                    -0.8090168833732605,
                    0.0
                ],
                [
                    -0.8090168237686157,
                    1.3880861615689355e-07,
                    -0.5877854228019714,
                    0.0
                ],
                [
                    7.072650021200388e-08,
                    1.0,
                    1.3880861615689355e-07,
                    0.0
                ],
                [
                    0.0,
                    0.0,
                    0.0,
                    1.0
                ]
            ],
            "file_path": "output_rendering/rendering_0019.png"
        },
        {
            "transform_matrix": [
                [
                    0.7431448698043823,
                    5.8497249710853794e-08,
                    -0.6691305041313171,
                    0.0
                ],
                [
                    -0.6691305041313171,
                    1.523905694966743e-07,
                    -0.7431448698043823,
                    0.0
                ],
                [
                    5.8497246158140115e-08,
                    1.0,
                    1.523905694966743e-07,
                    0.0
                ],
                [
                    0.0,
                    0.0,
                    0.0,
                    1.0
                ]
            ],
            "file_path": "output_rendering/rendering_0020.png"
        },
        {
            "transform_matrix": [
                [
                    0.866025447845459,
                    4.371137762859689e-08,
                    -0.49999985098838806,
                    0.0
                ],
                [
                    -0.49999985098838806,
                    1.631331372209388e-07,
                    -0.8660255074501038,
                    0.0
                ],
                [
                    4.371137762859689e-08,
                    1.0,
                    1.631331372209388e-07,
                    0.0
                ],
                [
                    0.0,
                    0.0,
                    0.0,
                    1.0
                ]
            ],
            "file_path": "output_rendering/rendering_0021.png"
        },
        {
            "transform_matrix": [
                [
                    0.9510565400123596,
                    2.701512968883435e-08,
                    -0.3090170919895172,
                    0.0
                ],
                [
                    -0.3090170919895172,
                    1.705667642681874e-07,
                    -0.9510564804077148,
                    0.0
                ],
                [
                    2.701513146519119e-08,
                    1.0,
                    1.7056677847904211e-07,
                    0.0
                ],
                [
                    0.0,
                    0.0,
                    0.0,
                    1.0
                ]
            ],
            "file_path": "output_rendering/rendering_0022.png"
        },
        {
            "transform_matrix": [
                [
                    0.994521975517273,
                    9.138146239706657e-09,
                    -0.10452818870544434,
                    0.0
                ],
                [
                    -0.10452819615602493,
                    1.7436666155390412e-07,
                    -0.994521975517273,
                    0.0
                ],
                [
                    9.138146239706657e-09,
                    1.0,
                    1.7436666155390412e-07,
                    0.0
                ],
                [
                    0.0,
                    0.0,
                    0.0,
                    1.0
                ]
            ],
            "file_path": "output_rendering/rendering_0023.png"
        },
        {
            "transform_matrix": [
                [
                    0.994521975517273,
                    0.0,
                    0.10452818870544434,
                    0.0
                ],
                [
                    0.10452819615602493,
                    0.0,
                    -0.994521975517273,
                    0.0
                ],
                [
                    0.0,
                    1.0,
                    0.0,
                    0.0
                ],
                [
                    0.0,
                    0.0,
                    0.0,
                    1.0
                ]
            ],
            "file_path": "output_rendering/rendering_0024.png"
        },
        {
            "transform_matrix": [
                [
                    0.9510565400123596,
                    0.0,
                    0.3090170919895172,
                    0.0
                ],
                [
                    0.3090170919895172,
                    0.0,
                    -0.9510564804077148,
                    0.0
                ],
                [
                    0.0,
                    1.0,
                    0.0,
                    0.0
                ],
                [
                    0.0,
                    0.0,
                    0.0,
                    1.0
                ]
            ],
            "file_path": "output_rendering/rendering_0025.png"
        },
        {
            "transform_matrix": [
                [
                    0.866025447845459,
                    0.0,
                    0.49999985098838806,
                    0.0
                ],
                [
                    0.49999985098838806,
                    0.0,
                    -0.8660255074501038,
                    0.0
                ],
                [
                    0.0,
                    1.0,
                    0.0,
                    0.0
                ],
                [
                    0.0,
                    0.0,
                    0.0,
                    1.0
                ]
            ],
            "file_path": "output_rendering/rendering_0026.png"
        },
        {
            "transform_matrix": [
                [
                    0.7431447505950928,
                    0.0,
                    0.6691306233406067,
                    0.0
                ],
                [
                    0.6691306829452515,
                    0.0,
                    -0.7431446313858032,
                    0.0
                ],
                [
                    0.0,
                    1.0,
                    0.0,
                    0.0
                ],
                [
                    0.0,
                    0.0,
                    0.0,
                    1.0
                ]
            ],
            "file_path": "output_rendering/rendering_0027.png"
        },
        {
            "transform_matrix": [
                [
                    0.5877853035926819,
                    0.0,
                    0.8090168833732605,
                    0.0
                ],
                [
                    0.8090168833732605,
                    0.0,
                    -0.5877853035926819,
                    0.0
                ],
                [
                    0.0,
                    1.0,
                    0.0,
                    0.0
                ],
                [
                    0.0,
                    0.0,
                    0.0,
                    1.0
                ]
            ],
            "file_path": "output_rendering/rendering_0028.png"
        },
        {
            "transform_matrix": [
                [
                    0.40673649311065674,
                    0.0,
                    0.913545548915863,
                    0.0
                ],
                [
                    0.913545548915863,
                    0.0,
                    -0.40673649311065674,
                    0.0
                ],
                [
                    0.0,
                    1.0,
                    0.0,
                    0.0
                ],
                [
                    0.0,
                    0.0,
                    0.0,
                    1.0
                ]
            ],
            "file_path": "output_rendering/rendering_0029.png"
        },
        {
            "transform_matrix": [
                [
                    0.20791178941726685,
                    0.0,
                    0.9781476855278015,
                    0.0
                ],
                [
                    0.9781476259231567,
                    0.0,
                    -0.20791178941726685,
                    0.0
                ],
                [
                    0.0,
                    1.0,
                    0.0,
                    0.0
                ],
                [
                    0.0,
                    0.0,
                    0.0,
                    1.0
                ]
            ],
            "file_path": "output_rendering/rendering_0030.png"
        }
    ]
}